6
29
181
439
448
1497
1716
1851
1946
2225
2424
2239
2608
3274
3069
3308
3599
3512
3647
3705
3791
4064
3975
4031
4089
4196
4496
4318
4517
4933
4562
5217
4902
4980
4989
5005
5480
5481
5500
7058
6023
6341
7747
7532
8108
7920
8040
8048
9167
8685
9200
9254
9494
9408
9616
9430
9458
9650
10165
9691
9740
10275
10283
11314
10330
10363
10504
10527
10636
10802
10915
11064
11081
11082
11240
12045
12055
12222
12161
12346
12941
12871
12942
12951
12953
13041
13211
12996
12997
13001
13282
13150
13540
13555
14026
13760
13779
14758
14180
14434
15057
15387
15299
15683
15577
15598
16276
16151
16534
16641
16573
16671
16605
16805
16903
16761
17494
18027
17853
18173
18416
18552
18559
18567
18880
18648
18977
19118
19638
19852
